0 0 9.92182
1 0 9.92182
2 0 9.82182
3 0 9.82182
4 0 9.72182
5 0 9.72182
6 0 9.62182
7 0 9.62182
8 0 9.52182
9 0 9.52182
10 0 9.42182
11 0 9.42182
12 0 9.32182
13 0 9.32182
14 0 9.22182
15 0 9.22182
16 0 9.12182
17 0 9.12182
18 0 9.02182
19 0 9.02182
20 0 8.92182
21 0 8.92182
22 0 8.82182
23 0 8.82182
24 0 8.72182
25 0 8.72182
26 0 8.62182
27 0 8.62182
28 0 8.52182
29 0 8.52182
30 0 8.42182
31 0 8.42182
32 0 8.32182
33 0 8.32182
34 0 8.22182
35 0 8.22182
36 0 8.12182
37 0 8.12182
38 0 8.02182
39 0 8.02182
40 0 7.92182
41 0 7.92182
42 0 7.82182
43 0 7.82182
44 0 7.72182
45 0 7.72182
46 0 7.62182
47 0 7.62182
48 0 7.52182
49 0 7.52182
50 0 7.42182
51 0 7.42182
52 0 7.32182
53 0 7.32182
54 0 7.22182
55 0 7.22182
56 0 7.12182
57 0 7.12182
58 0 7.02182
59 0 7.02182
60 0 6.92182
61 0 6.92182
62 0 6.82182
63 0 6.82182
64 0 6.72182
65 0 6.72182
66 0 6.62182
67 0 6.62182
68 0 6.52182
69 0 6.52182
70 0 6.42182
71 0 6.42182
72 0 6.32182
73 0 6.32182
74 0 6.22182
75 0 6.22182
76 0 6.12182
77 0 6.12182
78 0 6.02182
79 0 6.02182
80 0 5.92182
81 0 5.92182
82 0 5.82182
83 0 5.82182
84 0 5.72182
85 0 5.72182
86 0 5.62182
87 0 5.62182
88 0 5.52182
89 0 5.52182
90 0 5.42182
91 0 5.42182
92 0 5.32182
93 0 5.32182
94 0 5.22182
95 0 5.22182
96 0 5.12182
97 0 5.12182
98 0 5.02182
99 0 5.02182
100 0 4.92182
101 0 4.92182
102 0 4.82182
103 0 4.82182
104 0 4.72182
105 0 4.72182
106 0 4.62182
107 0 4.62182
108 0 4.52182
109 0 4.52182
110 0 4.42182
111 0 4.42182
112 0 4.32182
113 0 4.32182
114 0 4.22182
115 0 4.22182
116 0 4.12182
117 0 4.12182
118 0 4.02182
119 0 4.02182
120 0 3.92182
121 0 3.92182
122 0 3.82182
123 0 3.82182
124 0 3.72182
125 0 3.72182
126 0 3.62182
127 0 3.62182
128 0 3.52182
129 0 3.52182
130 0 3.42182
131 0 3.42182
132 0 3.32182
133 0 3.32182
134 0 3.22182
135 0 3.22182
136 0 3.12182
137 0 3.12182
138 0 3.02182
139 0 3.02182
140 0 2.92182
141 0 2.92182
142 0 2.82182
143 0 2.82182
144 0 2.72182
145 0 2.72182
146 0 2.62182
147 0 2.62182
148 0 2.52182
149 0 2.52182
150 0 2.42182
151 0 2.42182
152 0 2.32182
153 0 2.32182
154 0 2.22182
155 0 2.22182
156 0 2.12182
157 0 2.12182
158 0 2.02182
159 0 2.02182
160 0 1.92182
161 0 1.92182
162 0 1.82182
163 0 1.82182
164 0 1.72182
165 0 1.72182
166 0 1.62182
167 0 1.62182
168 0 1.52182
169 0 1.52182
170 0 1.42182
171 0 1.42182
172 0 1.32182
173 0 1.32182
174 0 1.22182
175 0 1.22182
176 0 1.12182
177 0 1.12182
178 0 1.02182
179 0 1.02182
180 0 0.921822
181 0 0.921822
182 0 0.821822
183 0 0.821822
184 0 0.721821
185 0 0.721822
186 0 0.621824
187 0 0.62182
188 0 0.521813
189 0 0.52183
190 0 0.421863
191 0 0.42178
192 0 0.321623
193 0 0.32202
194 0 0.222772
195 0 0.220871
196 0 0.117267
197 0 0.126376
198 0 0.0436436
199 0 0
