Nodal Displacements: 
 Node      Coords         u1       u2 
  1   1.0000   1.0000   0.0350  -0.0150
  2   0.5000   1.0000   0.0175  -0.0150
  3   1.0000   0.5000   0.0350  -0.0075
  4   1.0000   0.0000   0.0350  -0.0000
  5   0.5000   0.5000   0.0175  -0.0075
  6   0.0000   1.0000   0.0000  -0.0150
  7   0.5000   0.0000   0.0175  -0.0000
  8   0.0000   0.5000   0.0000  -0.0075
  9   0.0000   0.0000   0.0000   0.0000


 Strains and Stresses 
 
 Element; 1   
 int pt    Coords          e_11      e_22     e_12      s_11       s_22      s_12 
    1  0.3333  0.3333    0.0350   -0.0150    0.0000    1.0000   -0.0000    0.0000 
    2  0.2000  0.2000    0.0350   -0.0150    0.0000    1.0000   -0.0000    0.0000 
    3  0.6000  0.2000    0.0350   -0.0150    0.0000    1.0000   -0.0000    0.0000 
    4  0.2000  0.6000    0.0350   -0.0150    0.0000    1.0000   -0.0000    0.0000 
 
 Element; 2   
 int pt    Coords          e_11      e_22     e_12      s_11       s_22      s_12 
    1  0.6667  0.6667    0.0350   -0.0150   -0.0000    1.0000    0.0000   -0.0000 
    2  0.8000  0.4000    0.0350   -0.0150    0.0000    1.0000    0.0000    0.0000 
    3  0.8000  0.8000    0.0350   -0.0150   -0.0000    1.0000    0.0000   -0.0000 
    4  0.4000  0.8000    0.0350   -0.0150   -0.0000    1.0000   -0.0000   -0.0000 
