0.000000 0.000000
0.100000 0.000000
0.200000 0.000000
0.300000 0.000000
0.400000 0.000000
0.500000 0.000000
0.600000 0.000000
0.700000 0.000000
0.800000 0.000000
0.900000 0.000000
1.000000 0.000000
1.100000 0.000000
1.200000 0.000000
1.300000 0.000000
1.400000 0.000000
1.500000 0.000000
1.600000 0.000000
1.700000 0.000000
1.800000 0.000000
1.900000 0.000000
2.000000 0.000000
2.100000 0.000000
2.200000 0.000000
2.300000 0.000000
2.400000 0.000000
2.500000 0.000000
2.600000 0.000000
2.700000 0.000000
2.800000 0.000000
2.900000 0.000000
3.000000 0.000000
3.100000 0.000000
3.200000 0.000000
3.300000 0.000000
3.400000 0.000000
3.500000 0.000000
3.600000 0.000000
3.700000 0.000000
3.800000 0.000000
3.900000 0.000000
4.000000 0.000000
0.000000 1.000000
0.100000 1.000000
0.200000 1.000000
0.300000 1.000000
0.400000 1.000000
0.500000 1.000000
0.600000 1.000000
0.700000 1.000000
0.800000 1.000000
0.900000 1.000000
1.000000 1.000000
1.100000 1.000000
1.200000 1.000000
1.300000 1.000000
1.400000 1.000000
1.500000 1.000000
1.600000 1.000000
1.700000 1.000000
1.800000 1.000000
1.900000 1.000000
2.000000 1.000000
2.100000 1.000000
2.200000 1.000000
2.300000 1.000000
2.400000 1.000000
2.500000 1.000000
2.600000 1.000000
2.700000 1.000000
2.800000 1.000000
2.900000 1.000000
3.000000 1.000000
3.100000 1.000000
3.200000 1.000000
3.300000 1.000000
3.400000 1.000000
3.500000 1.000000
3.600000 1.000000
3.700000 1.000000
3.800000 1.000000
3.900000 1.000000
4.000000 1.000000
0.000000 2.000000
0.100000 2.000000
0.200000 2.000000
0.300000 2.000000
0.400000 2.000000
0.500000 2.000000
0.600000 2.000000
0.700000 2.000000
0.800000 2.000000
0.900000 2.000000
1.000000 2.000000
1.100000 2.000000
1.200000 2.000000
1.300000 2.000000
1.400000 2.000000
1.500000 2.000000
1.600000 2.000000
1.700000 2.000000
1.800000 2.000000
1.900000 2.000000
2.000000 2.000000
2.100000 2.000000
2.200000 2.000000
2.300000 2.000000
2.400000 2.000000
2.500000 2.000000
2.600000 2.000000
2.700000 2.000000
2.800000 2.000000
2.900000 2.000000
3.000000 2.000000
3.100000 2.000000
3.200000 2.000000
3.300000 2.000000
3.400000 2.000000
3.500000 2.000000
3.600000 2.000000
3.700000 2.000000
3.800000 2.000000
3.900000 2.000000
4.000000 2.000000

1 4 1 2 43 42
1 4 2 3 44 43
1 4 3 4 45 44
1 4 4 5 46 45
1 4 5 6 47 46
1 4 6 7 48 47
1 4 7 8 49 48
1 4 8 9 50 49
1 4 9 10 51 50
1 4 10 11 52 51
1 4 11 12 53 52
1 4 12 13 54 53
1 4 13 14 55 54
1 4 14 15 56 55
1 4 15 16 57 56
1 4 16 17 58 57
1 4 17 18 59 58
1 4 18 19 60 59
1 4 19 20 61 60
1 4 20 21 62 61
1 4 21 22 63 62
1 4 22 23 64 63
1 4 23 24 65 64
1 4 24 25 66 65
1 4 25 26 67 66
1 4 26 27 68 67
1 4 27 28 69 68
1 4 28 29 70 69
1 4 29 30 71 70
1 4 30 31 72 71
1 4 31 32 73 72
1 4 32 33 74 73
1 4 33 34 75 74
1 4 34 35 76 75
1 4 35 36 77 76
1 4 36 37 78 77
1 4 37 38 79 78
1 4 38 39 80 79
1 4 39 40 81 80
1 4 40 41 82 81
1 4 42 43 84 83
1 4 43 44 85 84
1 4 44 45 86 85
1 4 45 46 87 86
1 4 46 47 88 87
1 4 47 48 89 88
1 4 48 49 90 89
1 4 49 50 91 90
1 4 50 51 92 91
1 4 51 52 93 92
1 4 52 53 94 93
1 4 53 54 95 94
1 4 54 55 96 95
1 4 55 56 97 96
1 4 56 57 98 97
1 4 57 58 99 98
1 4 58 59 100 99
1 4 59 60 101 100
1 4 60 61 102 101
1 4 61 62 103 102
1 4 62 63 104 103
1 4 63 64 105 104
1 4 64 65 106 105
1 4 65 66 107 106
1 4 66 67 108 107
1 4 67 68 109 108
1 4 68 69 110 109
1 4 69 70 111 110
1 4 70 71 112 111
1 4 71 72 113 112
1 4 72 73 114 113
1 4 73 74 115 114
1 4 74 75 116 115
1 4 75 76 117 116
1 4 76 77 118 117
1 4 77 78 119 118
1 4 78 79 120 119
1 4 79 80 121 120
1 4 80 81 122 121
1 4 81 82 123 122
