No._material_props:    3
    Shear_modulus:   10.
    Poissons_ratio:  0.3
    Plane_strain/stress: 0
No._coords_per_node:   2
No._DOF_per_node:      2
No._nodes:             200 
Nodal_coords:
99.000000 1.000000
99.000000 0.000000
98.000000 1.000000
98.000000 0.000000
97.000000 1.000000
97.000000 0.000000
96.000000 1.000000
96.000000 0.000000
95.000000 1.000000
95.000000 0.000000
94.000000 1.000000
94.000000 0.000000
93.000000 1.000000
93.000000 0.000000
92.000000 1.000000
92.000000 0.000000
91.000000 1.000000
91.000000 0.000000
90.000000 1.000000
90.000000 0.000000
89.000000 1.000000
89.000000 0.000000
88.000000 1.000000
88.000000 0.000000
87.000000 1.000000
87.000000 0.000000
86.000000 1.000000
86.000000 0.000000
85.000000 1.000000
85.000000 0.000000
84.000000 1.000000
84.000000 0.000000
83.000000 1.000000
83.000000 0.000000
82.000000 1.000000
82.000000 0.000000
81.000000 1.000000
81.000000 0.000000
80.000000 1.000000
80.000000 0.000000
79.000000 1.000000
79.000000 0.000000
78.000000 1.000000
78.000000 0.000000
77.000000 1.000000
77.000000 0.000000
76.000000 1.000000
76.000000 0.000000
75.000000 1.000000
75.000000 0.000000
74.000000 1.000000
74.000000 0.000000
73.000000 1.000000
73.000000 0.000000
72.000000 1.000000
72.000000 0.000000
71.000000 1.000000
71.000000 0.000000
70.000000 1.000000
70.000000 0.000000
69.000000 1.000000
69.000000 0.000000
68.000000 1.000000
68.000000 0.000000
67.000000 1.000000
67.000000 0.000000
66.000000 1.000000
66.000000 0.000000
65.000000 1.000000
65.000000 0.000000
64.000000 1.000000
64.000000 0.000000
63.000000 1.000000
63.000000 0.000000
62.000000 1.000000
62.000000 0.000000
61.000000 1.000000
61.000000 0.000000
60.000000 1.000000
60.000000 0.000000
59.000000 1.000000
59.000000 0.000000
58.000000 1.000000
58.000000 0.000000
57.000000 1.000000
57.000000 0.000000
56.000000 1.000000
56.000000 0.000000
55.000000 1.000000
55.000000 0.000000
54.000000 1.000000
54.000000 0.000000
53.000000 1.000000
53.000000 0.000000
52.000000 1.000000
52.000000 0.000000
51.000000 1.000000
51.000000 0.000000
50.000000 1.000000
50.000000 0.000000
49.000000 1.000000
49.000000 0.000000
48.000000 1.000000
48.000000 0.000000
47.000000 1.000000
47.000000 0.000000
46.000000 1.000000
46.000000 0.000000
45.000000 1.000000
45.000000 0.000000
44.000000 1.000000
44.000000 0.000000
43.000000 1.000000
43.000000 0.000000
42.000000 1.000000
42.000000 0.000000
41.000000 1.000000
41.000000 0.000000
40.000000 1.000000
40.000000 0.000000
39.000000 1.000000
39.000000 0.000000
38.000000 1.000000
38.000000 0.000000
37.000000 1.000000
37.000000 0.000000
36.000000 1.000000
36.000000 0.000000
35.000000 1.000000
35.000000 0.000000
34.000000 1.000000
34.000000 0.000000
33.000000 1.000000
33.000000 0.000000
32.000000 1.000000
32.000000 0.000000
31.000000 1.000000
31.000000 0.000000
30.000000 1.000000
30.000000 0.000000
29.000000 1.000000
29.000000 0.000000
28.000000 1.000000
28.000000 0.000000
27.000000 1.000000
27.000000 0.000000
26.000000 1.000000
26.000000 0.000000
25.000000 1.000000
25.000000 0.000000
24.000000 1.000000
24.000000 0.000000
23.000000 1.000000
23.000000 0.000000
22.000000 1.000000
22.000000 0.000000
21.000000 1.000000
21.000000 0.000000
20.000000 1.000000
20.000000 0.000000
19.000000 1.000000
19.000000 0.000000
18.000000 1.000000
18.000000 0.000000
17.000000 1.000000
17.000000 0.000000
16.000000 1.000000
16.000000 0.000000
15.000000 1.000000
15.000000 0.000000
14.000000 1.000000
14.000000 0.000000
13.000000 1.000000
13.000000 0.000000
12.000000 1.000000
12.000000 0.000000
11.000000 1.000000
11.000000 0.000000
10.000000 1.000000
10.000000 0.000000
9.000000 1.000000
9.000000 0.000000
8.000000 1.000000
8.000000 0.000000
7.000000 1.000000
7.000000 0.000000
6.000000 1.000000
6.000000 0.000000
5.000000 1.000000
5.000000 0.000000
4.000000 1.000000
4.000000 0.000000
3.000000 1.000000
3.000000 0.000000
2.000000 1.000000
2.000000 0.000000
1.000000 1.000000
1.000000 0.000000
0.000000 1.000000
0.000000 0.000000
No._elements:                       99 
Max_no._nodes_on_any_one_element:   4
element_identifier; no._nodes_on_element; connectivity:
1 4 200 198 197 199
1 4 198 196 195 197
1 4 196 194 193 195
1 4 194 192 191 193
1 4 192 190 189 191
1 4 190 188 187 189
1 4 188 186 185 187
1 4 186 184 183 185
1 4 184 182 181 183
1 4 182 180 179 181
1 4 180 178 177 179
1 4 178 176 175 177
1 4 176 174 173 175
1 4 174 172 171 173
1 4 172 170 169 171
1 4 170 168 167 169
1 4 168 166 165 167
1 4 166 164 163 165
1 4 164 162 161 163
1 4 162 160 159 161
1 4 160 158 157 159
1 4 158 156 155 157
1 4 156 154 153 155
1 4 154 152 151 153
1 4 152 150 149 151
1 4 150 148 147 149
1 4 148 146 145 147
1 4 146 144 143 145
1 4 144 142 141 143
1 4 142 140 139 141
1 4 140 138 137 139
1 4 138 136 135 137
1 4 136 134 133 135
1 4 134 132 131 133
1 4 132 130 129 131
1 4 130 128 127 129
1 4 128 126 125 127
1 4 126 124 123 125
1 4 124 122 121 123
1 4 122 120 119 121
1 4 120 118 117 119
1 4 118 116 115 117
1 4 116 114 113 115
1 4 114 112 111 113
1 4 112 110 109 111
1 4 110 108 107 109
1 4 108 106 105 107
1 4 106 104 103 105
1 4 104 102 101 103
1 4 102 100 99 101
1 4 100 98 97 99
1 4 98 96 95 97
1 4 96 94 93 95
1 4 94 92 91 93
1 4 92 90 89 91
1 4 90 88 87 89
1 4 88 86 85 87
1 4 86 84 83 85
1 4 84 82 81 83
1 4 82 80 79 81
1 4 80 78 77 79
1 4 78 76 75 77
1 4 76 74 73 75
1 4 74 72 71 73
1 4 72 70 69 71
1 4 70 68 67 69
1 4 68 66 65 67
1 4 66 64 63 65
1 4 64 62 61 63
1 4 62 60 59 61
1 4 60 58 57 59
1 4 58 56 55 57
1 4 56 54 53 55
1 4 54 52 51 53
1 4 52 50 49 51
1 4 50 48 47 49
1 4 48 46 45 47
1 4 46 44 43 45
1 4 44 42 41 43
1 4 42 40 39 41
1 4 40 38 37 39
1 4 38 36 35 37
1 4 36 34 33 35
1 4 34 32 31 33
1 4 32 30 29 31
1 4 30 28 27 29
1 4 28 26 25 27
1 4 26 24 23 25
1 4 24 22 21 23
1 4 22 20 19 21
1 4 20 18 17 19
1 4 18 16 15 17
1 4 16 14 13 15
1 4 14 12 11 13
1 4 12 10 9 11
1 4 10 8 7 9
1 4 8 6 5 7
1 4 6 4 3 5
1 4 4 2 1 3
No._nodes_with_prescribed_DOFs:  4
Node_#, DOF#, Value:
   199  1  0.0
   199  2  0.0
   200  1  0.0 
   200  2  0.0
No._elements_with_prescribed_loads: 1 
Element_#, Face_#, Traction_components
1 2 0.0 1.0
